14492 7507 734
Valid size: 2870
Epoch 0
Train:
Target:
1 1
0 0
0 0
Val:
Target:
1 1
0 0
0 0
Train:
Agent:
   0    0
   0    0
-nan -nan
Val:
Agent:
1 1
0 0
0 0
Train:
DSE:
1 1
0 0
0 0
Val:
DSE:
1 1
0 0
0 0
is from:
0,0,0
Train:1 0 0
0,0,0
Val:1 0 0
0,0,0
Test:1 0 0
is about:
0,0,0
Train:1 0 0
0,0,0
Val:1 0 0
0,0,0
Test:1 0 0
Epoch 5
Train:
Target:
0.0792061  0.117386
 0.873672  0.949717
 0.145244  0.208947
Val:
Target:
0.154524 0.230645
0.873544  0.94718
0.262596 0.370959
Train:
Agent:
0.612693  0.62729
 0.62768  0.68692
0.620096 0.655752
Val:
Agent:
0.626251 0.641633
0.610955 0.675103
0.618508 0.657943
Train:
DSE:
0.490848 0.513233
0.538797 0.631579
0.513706 0.566289
Val:
DSE:
0.502015 0.521101
  0.5225 0.623178
0.512053 0.567587
is from:
7181,2590,3213
Train:0.360674 0.476453 0.410557
3015,1067,1340
Val:0.353897 0.457547 0.399102
677,231,286
Test:0.341211 0.454724 0.389873
is about:
7181,2590,3213
Train:0.360674 0.476453 0.410557
3015,1067,1340
Val:0.353897 0.457547 0.399102
677,231,286
Test:0.341211 0.454724 0.389873
Epoch 10
Train:
Target:
0.125036 0.148916
0.770075 0.880786
 0.21514  0.25476
Val:
Target:
 0.23143  0.27765
0.764943 0.882274
 0.35535 0.422378
Train:
Agent:
0.635089 0.655556
0.677614 0.729399
0.655663 0.690509
Val:
Agent:
0.636861 0.657999
0.656379 0.709902
0.646473 0.682966
Train:
DSE:
0.532205  0.55456
0.593296 0.688545
0.561092 0.614332
Val:
DSE:
0.526313 0.544186
0.565902 0.665816
 0.54539 0.598888
is from:
7422,2862,3532
Train:0.38561 0.52649 0.44517
3128,1154,1430
Val:0.368926 0.494854 0.422711
692,267,321
Test:0.385838 0.525591    0.445
is about:
7422,2862,3532
Train:0.38561 0.52649 0.44517
3128,1154,1430
Val:0.368926 0.494854 0.422711
692,267,321
Test:0.385838 0.525591    0.445
Epoch 15
Train:
Target:
0.113204 0.144575
0.840014 0.914752
 0.19952 0.249687
Val:
Target:
0.215135 0.276867
0.830822 0.914056
0.341771 0.425001
Train:
Agent:
0.645951 0.674871
 0.68463 0.726845
0.664728 0.699894
Val:
Agent:
0.635454 0.667949
0.654371 0.699779
0.644773 0.683493
Train:
DSE:
0.533325 0.566244
0.638874  0.71904
0.581347  0.63356
Val:
DSE:
0.522934 0.555713
0.608984 0.694242
0.562688 0.617301
is from:
7553,2900,3473
Train:0.383953 0.533481 0.446532
3173,1134,1390
Val: 0.35739 0.486278 0.411989
726,256,319
Test:0.352617 0.503937 0.414911
is about:
7553,2900,3473
Train:0.383953 0.533481 0.446532
3173,1134,1390
Val: 0.35739 0.486278 0.411989
726,256,319
Test:0.352617 0.503937 0.414911
Epoch 20
Train:
Target:
0.131459 0.160912
0.803221 0.887779
 0.22594 0.272442
Val:
Target:
0.243771 0.300489
0.785838 0.878245
0.372112 0.447773
Train:
Agent:
0.649745 0.673481
0.715488 0.757225
0.681034 0.712902
Val:
Agent:
0.638412 0.665533
 0.67871 0.724771
0.657945  0.69389
Train:
DSE:
0.543549 0.576826
0.651463 0.725851
0.592633 0.642814
Val:
DSE:
0.524009 0.557269
0.615976 0.699344
0.566283 0.620275
is from:
7540,2982,3668
Train:0.395491 0.548565 0.459618
3210,1167,1462
Val:0.363551 0.500429 0.421148
725,258,320
Test:0.355862 0.507874 0.418491
is about:
7540,2982,3668
Train:0.395491 0.548565 0.459618
3210,1167,1462
Val:0.363551 0.500429 0.421148
725,258,320
Test:0.355862 0.507874 0.418491
Epoch 25
Train:
Target:
0.146455 0.165448
0.708255 0.843823
 0.24272 0.276652
Val:
Target:
0.263006   0.2995
0.689789 0.835721
0.380814 0.440968
Train:
Agent:
  0.7293 0.745899
0.640054 0.689743
0.681768 0.716723
Val:
Agent:
0.712973 0.729355
0.602019 0.648213
0.652815 0.686394
Train:
DSE:
0.519022  0.56042
0.687668 0.756347
 0.59156 0.643807
Val:
DSE:
0.500006 0.542556
0.643111 0.719388
0.562601 0.618583
is from:
7608,2897,3432
Train:0.380783 0.532929 0.444189
3169,1128,1331
Val:0.355948 0.483705 0.410107
714,257,295
Test:0.359944 0.505906 0.420622
is about:
7608,2897,3432
Train:0.380783 0.532929 0.444189
3169,1128,1331
Val:0.355948 0.483705 0.410107
714,257,295
Test:0.359944 0.505906 0.420622
Epoch 30
Train:
Target:
0.138865 0.171618
0.789999 0.867466
 0.23621 0.286546
Val:
Target:
0.259679 0.320247
0.760414 0.857207
0.387148 0.466291
Train:
Agent:
0.684838 0.704878
0.711901  0.75494
0.698108 0.729051
Val:
Agent:
0.655555 0.678709
0.661186 0.705473
0.658359 0.691832
Train:
DSE:
0.550198 0.588028
0.663971 0.733282
0.601754 0.652671
Val:
DSE:
0.521659 0.559103
0.617501 0.697157
0.565548 0.620544
is from:
7391,2994,3632
Train:0.405087 0.550773 0.466828
3133,1156,1414
Val:0.368975 0.495712 0.423056
694,260,309
Test: 0.37464 0.511811 0.432612
is about:
7391,2994,3632
Train:0.405087 0.550773 0.466828
3133,1156,1414
Val:0.368975 0.495712 0.423056
694,260,309
Test: 0.37464 0.511811 0.432612
Epoch 35
Train:
Target:
0.171025  0.19768
0.673885 0.783883
0.272813 0.315737
Val:
Target:
0.297728 0.344517
0.631108 0.749329
 0.40459 0.472016
Train:
Agent:
0.651828 0.673579
 0.75222 0.789891
0.698435 0.727113
Val:
Agent:
0.624188 0.650095
0.698842 0.740588
0.659408 0.692397
Train:
DSE:
0.536593 0.577432
 0.68269 0.752012
0.600888 0.653259
Val:
DSE:
0.506905 0.548575
0.635779 0.708819
0.564075 0.618486
is from:
7803,3075,3812
Train:0.394079 0.565673 0.464537
3311,1184,1494
Val:0.357596 0.507719 0.419635
741,276,334
Test: 0.37247 0.543307 0.441954
is about:
7803,3075,3812
Train:0.394079 0.565673 0.464537
3311,1184,1494
Val:0.357596 0.507719 0.419635
741,276,334
Test: 0.37247 0.543307 0.441954
Epoch 40
Train:
Target:
0.153949 0.184287
0.756086 0.836164
0.255811 0.302012
Val:
Target:
0.279511 0.337968
0.708201 0.809758
0.400826 0.476895
Train:
Agent:
0.657897 0.682145
0.743366 0.777793
0.698025 0.726835
Val:
Agent:
0.634325 0.661732
0.690683 0.732047
0.661305 0.695116
Train:
DSE:
0.539285  0.57992
0.681352 0.752477
0.602051 0.655025
Val:
DSE:
0.507319 0.547778
0.631004 0.705904
0.562442 0.616869
is from:
7697,3042,3719
Train:0.395219 0.559603  0.46326
3269,1150,1442
Val: 0.35179 0.493139 0.410641
738,271,334
Test:0.367209 0.533465 0.434992
is about:
7697,3042,3719
Train:0.395219 0.559603  0.46326
3269,1150,1442
Val: 0.35179 0.493139 0.410641
738,271,334
Test:0.367209 0.533465 0.434992
Epoch 45
Train:
Target:
0.178546 0.205581
0.659531 0.765568
0.281016 0.324123
Val:
Target:
0.306732 0.354636
0.615662 0.730081
0.409464 0.477383
Train:
Agent:
0.662843 0.682643
0.748735 0.785993
0.703176 0.730681
Val:
Agent:
0.637964 0.661732
0.691777  0.73268
0.663782 0.695401
Train:
DSE:
 0.52377 0.567215
0.697311 0.765015
0.598209 0.651431
Val:
DSE:
0.496047  0.54143
 0.64608 0.717201
0.561209 0.617042
is from:
8028,3065,3808
Train:0.381789 0.563834 0.455288
3355,1175,1474
Val:0.350224 0.503859 0.413223
777,275,337
Test:0.353925 0.541339 0.428016
is about:
8028,3065,3808
Train:0.381789 0.563834 0.455288
3355,1175,1474
Val:0.350224 0.503859 0.413223
777,275,337
Test:0.353925 0.541339 0.428016
Epoch 50
Train:
Target:
0.162502 0.193644
0.733133 0.814186
0.266036 0.312875
Val:
Target:
0.285394 0.343012
0.678698  0.78111
0.401821 0.476692
Train:
Agent:
0.685496 0.707704
0.728872 0.764753
0.706519 0.735123
Val:
Agent:
0.656438 0.681657
 0.67206 0.711484
0.664157 0.696251
Train:
DSE:
0.521328 0.564937
0.703152 0.771517
0.598741 0.652261
Val:
DSE:
0.490855 0.535762
0.649761 0.721574
0.559239 0.614938
is from:
7948,3052,3707
Train:0.383996 0.561442 0.456067
3356,1175,1448
Val:0.350119 0.503859  0.41315
771,270,331
Test:0.350195 0.531496 0.422205
is about:
7948,3052,3707
Train:0.383996 0.561442 0.456067
3356,1175,1448
Val:0.350119 0.503859  0.41315
771,270,331
Test:0.350195 0.531496 0.422205
Epoch 55
Train:
Target:
0.163765 0.194477
0.734579 0.819514
0.267822 0.314355
Val:
Target:
0.285455 0.342313
0.678708 0.778424
0.401883 0.475517
Train:
Agent:
0.674643 0.695591
0.740424  0.77618
0.706004 0.733679
Val:
Agent:
0.647455 0.671771
0.680116 0.718444
0.663384 0.694324
Train:
DSE:
0.527984 0.568983
0.697376 0.766563
0.600972 0.653158
Val:
DSE:
 0.49755 0.540097
0.644247 0.717201
0.561475 0.616175
is from:
7944,3064,3749
Train:  0.3857  0.56365 0.457997
3336,1167,1452
Val: 0.34982 0.500429 0.411785
761,273,329
Test:0.358739 0.537402  0.43026
is about:
7944,3064,3749
Train:  0.3857  0.56365 0.457997
3336,1167,1452
Val: 0.34982 0.500429 0.411785
761,273,329
Test:0.358739 0.537402  0.43026
Epoch 60
Train:
Target:
 0.16646 0.197397
0.720917  0.80686
0.270469 0.317193
Val:
Target:
 0.28748 0.345051
0.665603 0.764548
0.401534 0.475501
Train:
Agent:
0.666112 0.687847
0.748399 0.782767
0.704862 0.732244
Val:
Agent:
0.641927 0.667136
0.690936 0.729832
 0.66553 0.697077
Train:
DSE:
0.524368  0.56744
0.701208 0.768576
 0.60003 0.652868
Val:
DSE:
0.493556 0.538297
0.647304 0.718659
 0.56007 0.615538
is from:
8014,3059,3769
Train:0.381707  0.56273  0.45487
3370,1177,1469
Val:0.349258 0.504717 0.412838
773,277,337
Test:0.358344 0.545276 0.432475
is about:
8014,3059,3769
Train:0.381707  0.56273  0.45487
3370,1177,1469
Val:0.349258 0.504717 0.412838
773,277,337
Test:0.358344 0.545276 0.432475
Epoch 65
Train:
Target:
0.158686 0.189496
0.754266   0.8335
0.262207 0.308789
Val:
Target:
0.280577 0.337793
 0.69511 0.793196
0.399784 0.473809
Train:
Agent:
 0.67074 0.692568
0.745514  0.78075
0.706153  0.73402
Val:
Agent:
0.643169 0.668474
0.684872 0.722873
0.663366  0.69461
Train:
DSE:
0.526671 0.569319
0.699509 0.766873
0.600909 0.653492
Val:
DSE:
0.495773 0.539329
0.646438 0.718294
0.561169 0.616078
is from:
7963,3051,3758
Train:0.383147 0.561258 0.455407
3350,1173,1464
Val:0.350149 0.503002 0.412883
767,276,335
Test:0.359844 0.543307 0.432941
is about:
7963,3051,3758
Train:0.383147 0.561258 0.455407
3350,1173,1464
Val:0.350149 0.503002 0.412883
767,276,335
Test:0.359844 0.543307 0.432941
Epoch 70
Train:
Target:
0.157309 0.188007
0.757305 0.834832
0.260505   0.3069
Val:
Target:
0.280336 0.338055
0.699331 0.796329
0.400233 0.474624
Train:
Agent:
 0.67394 0.695452
0.742094 0.777927
0.706377 0.734381
Val:
Agent:
0.645066 0.669934
0.680633  0.71876
0.662373 0.693488
Train:
DSE:
0.528226 0.570685
0.698497 0.765789
0.601544 0.653996
Val:
DSE:
0.498173 0.541633
  0.6458 0.718294
0.562461 0.617578
is from:
7924,3052,3743
Train:0.385159 0.561442 0.456886
3331,1166,1451
Val:0.350045      0.5 0.411796
764,275,334
Test:0.359948 0.541339  0.43239
is about:
7924,3052,3743
Train:0.385159 0.561442 0.456886
3331,1166,1451
Val:0.350045      0.5 0.411796
764,275,334
Test:0.359948 0.541339  0.43239
Epoch 75
Train:
Target:
0.155953   0.1871
0.759581 0.835165
0.258776 0.305713
Val:
Target:
0.279056 0.337424
0.702046  0.79991
0.399367 0.474635
Train:
Agent:
 0.67765 0.698911
0.740384 0.776717
0.707629 0.735763
Val:
Agent:
0.647833 0.672274
0.678979 0.717178
 0.66304    0.694
Train:
DSE:
0.526912 0.569593
0.700159 0.767337
0.601305 0.653841
Val:
DSE:
0.495111 0.538585
0.646438 0.718294
0.560744 0.615592
is from:
7942,3061,3748
Train:0.385419 0.563098 0.457617
3346,1169,1455
Val:0.349372 0.501286 0.411765
762,274,331
Test: 0.35958  0.53937 0.431496
is about:
7942,3061,3748
Train:0.385419 0.563098 0.457617
3346,1169,1455
Val:0.349372 0.501286 0.411765
762,274,331
Test: 0.35958  0.53937 0.431496
Epoch 80
Train:
Target:
0.157639 0.188763
0.755844 0.833167
0.260871 0.307792
Val:
Target:
0.280532  0.33878
0.698031 0.794091
0.400219 0.474939
Train:
Agent:
0.670731 0.692281
0.743695 0.779003
0.705331 0.733086
Val:
Agent:
0.643683  0.66858
0.682492 0.720342
0.662519 0.693496
Train:
DSE:
0.531014 0.573236
0.695536 0.763777
0.602241 0.654929
Val:
DSE:
0.499445 0.542911
0.642156 0.713921
 0.56188 0.616782
is from:
7874,3045,3739
Train:0.386716 0.560155 0.457551
3311,1165,1450
Val:0.351857 0.499571 0.412901
754,276,332
Test:0.366048 0.543307 0.437401
is about:
7874,3045,3739
Train:0.386716 0.560155 0.457551
3311,1165,1450
Val:0.351857 0.499571 0.412901
754,276,332
Test:0.366048 0.543307 0.437401
Epoch 85
Train:
Target:
 0.15856 0.189566
0.753504 0.831835
 0.26199 0.308768
Val:
Target:
0.281716 0.339965
0.695743 0.791853
0.401044 0.475699
Train:
Agent:
0.675933 0.697303
0.740367 0.776045
0.706684  0.73457
Val:
Agent:
 0.64733 0.671979
0.679371 0.717811
0.662964 0.694139
Train:
DSE:
0.530416 0.572714
0.696323 0.764087
0.602151 0.654702
Val:
DSE:
0.499038 0.542469
0.642429 0.713921
0.561727 0.616497
is from:
7865,3040,3726
Train:0.386523 0.559235 0.457108
3309,1163,1444
Val:0.351466 0.498714 0.412338
753,275,332
Test:0.365206 0.541339 0.436162
is about:
7865,3040,3726
Train:0.386523 0.559235 0.457108
3309,1163,1444
Val:0.351466 0.498714 0.412338
753,275,332
Test:0.365206 0.541339 0.436162
Epoch 90
Train:
Target:
0.159876 0.190682
0.751884 0.830503
0.263685 0.310153
Val:
Target:
0.281271  0.33937
0.692238 0.787825
0.400009 0.474389
Train:
Agent:
0.674033  0.69554
0.742312  0.77833
0.706527  0.73461
Val:
Agent:
0.644826 0.669359
0.680369 0.718127
0.662121 0.692886
Train:
DSE:
0.529712 0.572046
0.696737 0.764241
0.601851 0.654322
Val:
DSE:
0.499202 0.542671
0.643462 0.715379
0.562226  0.61717
is from:
7880,3047,3738
Train:0.386675 0.560522 0.457645
3313,1163,1444
Val:0.351041 0.498714 0.412046
755,275,334
Test:0.364238 0.541339 0.435471
is about:
7880,3047,3738
Train:0.386675 0.560522 0.457645
3313,1163,1444
Val:0.351041 0.498714 0.412046
755,275,334
Test:0.364238 0.541339 0.435471
Epoch 95
Train:
Target:
0.158625 0.189706
0.753456 0.831502
0.262076  0.30893
Val:
Target:
0.281028 0.339395
0.695582 0.791406
0.400319  0.47506
Train:
Agent:
0.673093 0.694604
0.742757 0.778465
0.706211 0.734148
Val:
Agent:
0.644917 0.669643
0.681448 0.719393
0.662679 0.693627
Train:
DSE:
0.529662 0.572046
0.696897 0.764396
0.601879 0.654379
Val:
DSE:
0.499202 0.542648
0.643826 0.715743
0.562365 0.617291
is from:
7882,3047,3739
Train:0.386577 0.560522 0.457576
3316,1164,1447
Val:0.351025 0.499142 0.412181
755,275,333
Test:0.364238 0.541339 0.435471
is about:
7882,3047,3739
Train:0.386577 0.560522 0.457576
3316,1164,1447
Val:0.351025 0.499142 0.412181
755,275,333
Test:0.364238 0.541339 0.435471
Epoch 100
Train:
Target:
 0.15883 0.189972
0.753408 0.831502
0.262352 0.309282
Val:
Target:
0.281204 0.339458
0.695265 0.790958
0.400446 0.475041
Train:
Agent:
0.672738 0.694242
0.742921 0.778465
 0.70609 0.733945
Val:
Agent:
0.644731  0.66945
0.681641 0.719709
0.662673  0.69367
Train:
DSE:
0.529687 0.572127
0.697181 0.764551
0.602001 0.654489
Val:
DSE:
0.499338 0.542772
0.644009 0.716108
0.562521 0.617507
is from:
7887,3048,3742
Train:0.386459 0.560706 0.457555
3317,1165,1447
Val:0.351221 0.499571 0.412462
756,275,334
Test:0.363757 0.541339 0.435127
is about:
7887,3048,3742
Train:0.386459 0.560706 0.457555
3317,1165,1447
Val:0.351221 0.499571 0.412462
756,275,334
Test:0.363757 0.541339 0.435127
Epoch 105
Train:
Target:
0.158846 0.189975
0.753484 0.831502
0.262378 0.309287
Val:
Target:
0.280736 0.339105
0.695683 0.791406
 0.40004 0.474775
Train:
Agent:
0.672896 0.694405
0.742854 0.778465
0.706146 0.734036
Val:
Agent:
0.644712 0.669452
0.681181  0.71876
0.662445 0.693231
Train:
DSE:
0.529547 0.571997
0.697233 0.764551
 0.60193 0.654403
Val:
DSE:
0.499338 0.542772
0.644009 0.716108
0.562521 0.617507
is from:
7888,3049,3742
Train:0.386537  0.56089  0.45767
3316,1165,1445
Val:0.351327 0.499571 0.412535
756,275,333
Test:0.363757 0.541339 0.435127
is about:
7888,3049,3742
Train:0.386537  0.56089  0.45767
3316,1165,1445
Val:0.351327 0.499571 0.412535
756,275,333
Test:0.363757 0.541339 0.435127
Epoch 110
Train:
Target:
0.158708 0.189824
0.753771 0.831502
0.262208 0.309087
Val:
Target:
0.280902 0.339217
0.696144 0.792301
0.400285 0.475047
Train:
Agent:
0.673052 0.694559
0.742798 0.778465
0.706207 0.734122
Val:
Agent:
 0.64461 0.669357
0.681126  0.71876
0.662365 0.693179
Train:
DSE:
0.529408 0.571867
0.697233 0.764551
 0.60184 0.654318
Val:
DSE:
0.499203 0.542625
0.644009 0.716108
0.562435 0.617412
is from:
7889,3049,3743
Train:0.386488  0.56089 0.457636
3317,1165,1445
Val:0.351221 0.499571 0.412462
756,275,333
Test:0.363757 0.541339 0.435127
is about:
7889,3049,3743
Train:0.386488  0.56089 0.457636
3317,1165,1445
Val:0.351221 0.499571 0.412462
756,275,333
Test:0.363757 0.541339 0.435127
Epoch 115
Train:
Target:
0.158798 0.189932
0.753574 0.831502
0.262318 0.309229
Val:
Target:
0.280794 0.339167
0.695795 0.791406
0.400117 0.474837
Train:
Agent:
 0.67321 0.694722
0.742737 0.778465
0.706267 0.734213
Val:
Agent:
0.644795  0.66955
0.681088  0.71876
0.662445 0.693283
Train:
DSE:
0.529589 0.572062
0.697233 0.764551
0.601956 0.654446
Val:
DSE:
0.499203 0.542625
0.644009 0.716108
0.562435 0.617412
is from:
7887,3050,3742
Train:0.386712 0.561074 0.457855
3317,1165,1445
Val:0.351221 0.499571 0.412462
756,275,333
Test:0.363757 0.541339 0.435127
is about:
7887,3050,3742
Train:0.386712 0.561074 0.457855
3317,1165,1445
Val:0.351221 0.499571 0.412462
756,275,333
Test:0.363757 0.541339 0.435127
Epoch 120
Train:
Target:
0.158857 0.189989
0.753585 0.831502
  0.2624 0.309305
Val:
Target:
0.280822 0.339164
0.695825 0.791406
 0.40015 0.474834
Train:
Agent:
0.673172 0.694686
0.742603  0.77833
0.706185 0.734133
Val:
Agent:
0.644795  0.66955
0.681181  0.71876
0.662489 0.693283
Train:
DSE:
0.529589 0.572062
0.697233 0.764551
0.601956 0.654446
Val:
DSE:
0.499203 0.542625
0.644009 0.716108
0.562435 0.617412
is from:
7887,3050,3742
Train:0.386712 0.561074 0.457855
3317,1165,1445
Val:0.351221 0.499571 0.412462
756,275,333
Test:0.363757 0.541339 0.435127
is about:
7887,3050,3742
Train:0.386712 0.561074 0.457855
3317,1165,1445
Val:0.351221 0.499571 0.412462
756,275,333
Test:0.363757 0.541339 0.435127
Epoch 125
Train:
Target:
0.158787 0.189918
0.753604 0.831502
0.262305 0.309211
Val:
Target:
0.280822 0.339164
0.695825 0.791406
 0.40015 0.474834
Train:
Agent:
 0.67321 0.694722
0.742764 0.778465
0.706279 0.734213
Val:
Agent:
 0.64461 0.669357
0.681205  0.71876
0.662402 0.693179
Train:
DSE:
0.529589 0.572062
0.697233 0.764551
0.601956 0.654446
Val:
DSE:
0.499203 0.542625
0.644009 0.716108
0.562435 0.617412
is from:
7887,3050,3742
Train:0.386712 0.561074 0.457855
3317,1165,1445
Val:0.351221 0.499571 0.412462
756,275,333
Test:0.363757 0.541339 0.435127
is about:
7887,3050,3742
Train:0.386712 0.561074 0.457855
3317,1165,1445
Val:0.351221 0.499571 0.412462
756,275,333
Test:0.363757 0.541339 0.435127
Epoch 130
Train:
Target:
 0.15888 0.190016
0.753585 0.831502
 0.26243  0.30934
Val:
Target:
0.280745 0.339108
0.695795 0.791406
0.400067 0.474778
Train:
Agent:
0.673172 0.694686
 0.74263  0.77833
0.706197 0.734133
Val:
Agent:
0.644795  0.66955
0.681181  0.71876
0.662489 0.693283
Train:
DSE:
0.529589 0.572062
0.697181 0.764551
0.601937 0.654446
Val:
DSE:
0.499203 0.542625
0.644009 0.716108
0.562435 0.617412
is from:
7887,3050,3742
Train:0.386712 0.561074 0.457855
3317,1165,1445
Val:0.351221 0.499571 0.412462
756,275,333
Test:0.363757 0.541339 0.435127
is about:
7887,3050,3742
Train:0.386712 0.561074 0.457855
3317,1165,1445
Val:0.351221 0.499571 0.412462
756,275,333
Test:0.363757 0.541339 0.435127
Epoch 135
Train:
Target:
0.158891 0.190029
0.753585 0.831502
0.262446 0.309358
Val:
Target:
0.280794 0.339167
0.695795 0.791406
0.400117 0.474837
Train:
Agent:
0.673172 0.694686
 0.74263  0.77833
0.706197 0.734133
Val:
Agent:
0.644795  0.66955
0.681205  0.71876
  0.6625 0.693283
Train:
DSE:
0.529589 0.572062
0.697181 0.764551
0.601937 0.654446
Val:
DSE:
0.499203 0.542625
0.644009 0.716108
0.562435 0.617412
is from:
7887,3050,3742
Train:0.386712 0.561074 0.457855
3317,1165,1445
Val:0.351221 0.499571 0.412462
756,275,333
Test:0.363757 0.541339 0.435127
is about:
7887,3050,3742
Train:0.386712 0.561074 0.457855
3317,1165,1445
Val:0.351221 0.499571 0.412462
756,275,333
Test:0.363757 0.541339 0.435127
Epoch 140
Train:
Target:
0.158902 0.190042
0.753585 0.831502
0.262461 0.309376
Val:
Target:
0.280794 0.339167
0.695795 0.791406
0.400117 0.474837
Train:
Agent:
0.673172 0.694686
 0.74263  0.77833
0.706197 0.734133
Val:
Agent:
0.644795  0.66955
0.681205  0.71876
  0.6625 0.693283
Train:
DSE:
0.529589 0.572062
0.697233 0.764551
0.601956 0.654446
Val:
DSE:
0.499203 0.542625
0.644009 0.716108
0.562435 0.617412
is from:
7887,3050,3742
Train:0.386712 0.561074 0.457855
3317,1165,1445
Val:0.351221 0.499571 0.412462
756,275,333
Test:0.363757 0.541339 0.435127
is about:
7887,3050,3742
Train:0.386712 0.561074 0.457855
3317,1165,1445
Val:0.351221 0.499571 0.412462
756,275,333
Test:0.363757 0.541339 0.435127
Epoch 145
Train:
Target:
0.158902 0.190042
0.753585 0.831502
0.262461 0.309376
Val:
Target:
0.280794 0.339167
0.695795 0.791406
0.400117 0.474837
Train:
Agent:
0.673172 0.694686
 0.74263  0.77833
0.706197 0.734133
Val:
Agent:
0.644795  0.66955
0.681205  0.71876
  0.6625 0.693283
Train:
DSE:
0.529589 0.572062
0.697181 0.764551
0.601937 0.654446
Val:
DSE:
0.499203 0.542625
0.644009 0.716108
0.562435 0.617412
is from:
7887,3050,3742
Train:0.386712 0.561074 0.457855
3317,1165,1445
Val:0.351221 0.499571 0.412462
756,275,333
Test:0.363757 0.541339 0.435127
is about:
7887,3050,3742
Train:0.386712 0.561074 0.457855
3317,1165,1445
Val:0.351221 0.499571 0.412462
756,275,333
Test:0.363757 0.541339 0.435127
Epoch 150
Train:
Target:
0.158891 0.190029
0.753585 0.831502
0.262446 0.309358
Val:
Target:
0.280794 0.339167
0.695795 0.791406
0.400117 0.474837
Train:
Agent:
0.673172 0.694686
 0.74263  0.77833
0.706197 0.734133
Val:
Agent:
0.644795  0.66955
0.681205  0.71876
  0.6625 0.693283
Train:
DSE:
0.529589 0.572062
0.697181 0.764551
0.601937 0.654446
Val:
DSE:
0.499203 0.542625
0.644009 0.716108
0.562435 0.617412
is from:
7887,3050,3742
Train:0.386712 0.561074 0.457855
3317,1165,1445
Val:0.351221 0.499571 0.412462
756,275,333
Test:0.363757 0.541339 0.435127
is about:
7887,3050,3742
Train:0.386712 0.561074 0.457855
3317,1165,1445
Val:0.351221 0.499571 0.412462
756,275,333
Test:0.363757 0.541339 0.435127
Epoch 155
Train:
Target:
0.158891 0.190029
0.753585 0.831502
0.262446 0.309358
Val:
Target:
0.280794 0.339167
0.695795 0.791406
0.400117 0.474837
Train:
Agent:
0.673172 0.694686
 0.74263  0.77833
0.706197 0.734133
Val:
Agent:
0.644795  0.66955
0.681205  0.71876
  0.6625 0.693283
Train:
DSE:
0.529589 0.572062
0.697233 0.764551
0.601956 0.654446
Val:
DSE:
0.499203 0.542625
0.644009 0.716108
0.562435 0.617412
is from:
7887,3050,3742
Train:0.386712 0.561074 0.457855
3317,1165,1445
Val:0.351221 0.499571 0.412462
756,275,333
Test:0.363757 0.541339 0.435127
is about:
7887,3050,3742
Train:0.386712 0.561074 0.457855
3317,1165,1445
Val:0.351221 0.499571 0.412462
756,275,333
Test:0.363757 0.541339 0.435127
Epoch 160
Train:
Target:
0.158891 0.190029
0.753585 0.831502
0.262446 0.309358
Val:
Target:
0.280794 0.339167
0.695795 0.791406
0.400117 0.474837
Train:
Agent:
0.673172 0.694686
 0.74263  0.77833
0.706197 0.734133
Val:
Agent:
0.644795  0.66955
0.681205  0.71876
  0.6625 0.693283
Train:
DSE:
0.529589 0.572062
0.697181 0.764551
0.601937 0.654446
Val:
DSE:
0.499203 0.542625
0.644009 0.716108
0.562435 0.617412
is from:
7887,3050,3742
Train:0.386712 0.561074 0.457855
3317,1165,1445
Val:0.351221 0.499571 0.412462
756,275,333
Test:0.363757 0.541339 0.435127
is about:
7887,3050,3742
Train:0.386712 0.561074 0.457855
3317,1165,1445
Val:0.351221 0.499571 0.412462
756,275,333
Test:0.363757 0.541339 0.435127
Epoch 165
Train:
Target:
0.158891 0.190029
0.753622 0.831502
0.262448 0.309358
Val:
Target:
0.280794 0.339167
0.695795 0.791406
0.400117 0.474837
Train:
Agent:
0.673172 0.694686
 0.74263  0.77833
0.706197 0.734133
Val:
Agent:
0.644795  0.66955
0.681205  0.71876
  0.6625 0.693283
Train:
DSE:
0.529589 0.572062
0.697181 0.764551
0.601937 0.654446
Val:
DSE:
0.499203 0.542625
0.644009 0.716108
0.562435 0.617412
is from:
7887,3050,3742
Train:0.386712 0.561074 0.457855
3317,1165,1445
Val:0.351221 0.499571 0.412462
756,275,333
Test:0.363757 0.541339 0.435127
is about:
7887,3050,3742
Train:0.386712 0.561074 0.457855
3317,1165,1445
Val:0.351221 0.499571 0.412462
756,275,333
Test:0.363757 0.541339 0.435127
Epoch 170
Train:
Target:
0.158891 0.190029
0.753622 0.831502
0.262448 0.309358
Val:
Target:
0.280794 0.339167
0.695795 0.791406
0.400117 0.474837
Train:
Agent:
0.673172 0.694686
 0.74263  0.77833
0.706197 0.734133
Val:
Agent:
0.644795  0.66955
0.681205  0.71876
  0.6625 0.693283
Train:
DSE:
0.529589 0.572062
0.697181 0.764551
0.601937 0.654446
Val:
DSE:
0.499203 0.542625
0.644009 0.716108
0.562435 0.617412
is from:
7887,3050,3742
Train:0.386712 0.561074 0.457855
3317,1165,1445
Val:0.351221 0.499571 0.412462
756,275,333
Test:0.363757 0.541339 0.435127
is about:
7887,3050,3742
Train:0.386712 0.561074 0.457855
3317,1165,1445
Val:0.351221 0.499571 0.412462
756,275,333
Test:0.363757 0.541339 0.435127
Epoch 175
Train:
Target:
0.158891 0.190029
0.753622 0.831502
0.262448 0.309358
Val:
Target:
0.280794 0.339167
0.695795 0.791406
0.400117 0.474837
Train:
Agent:
0.673172 0.694686
 0.74263  0.77833
0.706197 0.734133
Val:
Agent:
0.644795  0.66955
0.681205  0.71876
  0.6625 0.693283
Train:
DSE:
0.529589 0.572062
0.697181 0.764551
0.601937 0.654446
Val:
DSE:
0.499203 0.542625
0.644009 0.716108
0.562435 0.617412
is from:
7887,3050,3742
Train:0.386712 0.561074 0.457855
3317,1165,1445
Val:0.351221 0.499571 0.412462
756,275,333
Test:0.363757 0.541339 0.435127
is about:
7887,3050,3742
Train:0.386712 0.561074 0.457855
3317,1165,1445
Val:0.351221 0.499571 0.412462
756,275,333
Test:0.363757 0.541339 0.435127
Epoch 180
Train:
Target:
0.158891 0.190029
0.753622 0.831502
0.262448 0.309358
Val:
Target:
0.280794 0.339167
0.695795 0.791406
0.400117 0.474837
Train:
Agent:
0.673172 0.694686
 0.74263  0.77833
0.706197 0.734133
Val:
Agent:
0.644795  0.66955
0.681205  0.71876
  0.6625 0.693283
Train:
DSE:
0.529589 0.572062
0.697181 0.764551
0.601937 0.654446
Val:
DSE:
0.499203 0.542625
0.644009 0.716108
0.562435 0.617412
is from:
7887,3050,3742
Train:0.386712 0.561074 0.457855
3317,1165,1445
Val:0.351221 0.499571 0.412462
756,275,333
Test:0.363757 0.541339 0.435127
is about:
7887,3050,3742
Train:0.386712 0.561074 0.457855
3317,1165,1445
Val:0.351221 0.499571 0.412462
756,275,333
Test:0.363757 0.541339 0.435127
Epoch 185
Train:
Target:
0.158891 0.190029
0.753622 0.831502
0.262448 0.309358
Val:
Target:
0.280794 0.339167
0.695795 0.791406
0.400117 0.474837
Train:
Agent:
0.673172 0.694686
 0.74263  0.77833
0.706197 0.734133
Val:
Agent:
0.644795  0.66955
0.681205  0.71876
  0.6625 0.693283
Train:
DSE:
0.529589 0.572062
0.697181 0.764551
0.601937 0.654446
Val:
DSE:
0.499203 0.542625
0.644009 0.716108
0.562435 0.617412
is from:
7887,3050,3742
Train:0.386712 0.561074 0.457855
3317,1165,1445
Val:0.351221 0.499571 0.412462
756,275,333
Test:0.363757 0.541339 0.435127
is about:
7887,3050,3742
Train:0.386712 0.561074 0.457855
3317,1165,1445
Val:0.351221 0.499571 0.412462
756,275,333
Test:0.363757 0.541339 0.435127
Epoch 190
Train:
Target:
0.158891 0.190029
0.753622 0.831502
0.262448 0.309358
Val:
Target:
0.280794 0.339167
0.695795 0.791406
0.400117 0.474837
Train:
Agent:
0.673172 0.694686
 0.74263  0.77833
0.706197 0.734133
Val:
Agent:
0.644795  0.66955
0.681205  0.71876
  0.6625 0.693283
Train:
DSE:
0.529589 0.572062
0.697181 0.764551
0.601937 0.654446
Val:
DSE:
0.499203 0.542625
0.644009 0.716108
0.562435 0.617412
is from:
7887,3050,3742
Train:0.386712 0.561074 0.457855
3317,1165,1445
Val:0.351221 0.499571 0.412462
756,275,333
Test:0.363757 0.541339 0.435127
is about:
7887,3050,3742
Train:0.386712 0.561074 0.457855
3317,1165,1445
Val:0.351221 0.499571 0.412462
756,275,333
Test:0.363757 0.541339 0.435127
Epoch 195
Train:
Target:
0.158891 0.190029
0.753622 0.831502
0.262448 0.309358
Val:
Target:
0.280794 0.339167
0.695795 0.791406
0.400117 0.474837
Train:
Agent:
0.673172 0.694686
 0.74263  0.77833
0.706197 0.734133
Val:
Agent:
0.644795  0.66955
0.681205  0.71876
  0.6625 0.693283
Train:
DSE:
0.529589 0.572062
0.697181 0.764551
0.601937 0.654446
Val:
DSE:
0.499203 0.542625
0.644009 0.716108
0.562435 0.617412
is from:
7887,3050,3742
Train:0.386712 0.561074 0.457855
3317,1165,1445
Val:0.351221 0.499571 0.412462
756,275,333
Test:0.363757 0.541339 0.435127
is about:
7887,3050,3742
Train:0.386712 0.561074 0.457855
3317,1165,1445
Val:0.351221 0.499571 0.412462
756,275,333
Test:0.363757 0.541339 0.435127
Best: 
OCLASS_WEIGHT_TARGET: 0
Validation:
Target
0.306732 0.354636
0.615662 0.730081
0.409464 0.477383
Agent
0.641927 0.667136
0.690936 0.729832
 0.66553 0.697077
DSE
0.524009 0.557269
0.615976 0.699344
0.566283 0.620275
Test:
Target
0.149629 0.164697
0.661085 0.821277
0.244025 0.274372
Agent
0.641389 0.664198
0.704269 0.748936
 0.67136 0.704026
DSE
0.502209 0.531288
0.611567 0.679426
0.551519 0.596294
