14492 7507 734
Valid size: 2870
Epoch 0
Train:
Target:
1 1
0 0
0 0
Val:
Target:
1 1
0 0
0 0
Train:
Agent:
1 1
0 0
0 0
Val:
Agent:
1 1
0 0
0 0
Train:
DSE:
1 1
0 0
0 0
Val:
DSE:
1 1
0 0
0 0
Epoch 5
Train:
Target:
0.0949045  0.129804
 0.793418  0.897769
 0.169531  0.226814
Val:
Target:
0.183228 0.250839
0.801114 0.902417
0.298243 0.392561
Train:
Agent:
0.520006 0.541817
0.706645  0.75978
0.599127 0.632548
Val:
Agent:
0.536022 0.557876
0.687891 0.746599
0.602534 0.638586
Train:
DSE:
0.538332 0.550643
0.501283 0.590712
0.519147 0.569974
Val:
DSE:
   0.537  0.54892
0.485395  0.58637
0.509895 0.567028
Epoch 10
Train:
Target:
 0.15871 0.179387
 0.57551  0.74692
0.248806 0.289294
Val:
Target:
0.287581 0.325998
0.556726 0.726947
0.379255 0.450134
Train:
Agent:
0.600721 0.625373
0.705522 0.744858
0.648918 0.679906
Val:
Agent:
0.608149 0.634306
0.673489 0.716229
0.639153 0.672783
Train:
DSE:
0.605593 0.627091
0.555921 0.644427
0.579695 0.635641
Val:
DSE:
0.591389 0.610307
0.527099  0.62172
0.557396 0.615961
Epoch 15
Train:
Target:
0.115109 0.142199
0.774876 0.887113
0.200442 0.245108
Val:
Target:
0.218574 0.270129
0.777139  0.89436
0.341187 0.414933
Train:
Agent:
0.593356 0.610435
0.725958  0.77618
0.652993 0.683401
Val:
Agent:
0.599697 0.617933
0.701656 0.755141
0.646683 0.679681
Train:
DSE:
0.618766 0.645688
0.582397 0.661146
0.600031 0.653325
Val:
DSE:
0.595481 0.621158
0.542142 0.624636
0.567561 0.622892
Epoch 20
Train:
Target:
0.138801 0.167519
0.744669 0.850816
0.233988 0.279923
Val:
Target:
0.249936 0.303236
0.729632 0.841092
 0.37233 0.445763
Train:
Agent:
0.600433 0.623272
0.740869 0.779675
0.663299 0.692755
Val:
Agent:
0.600553 0.626793
0.703349 0.747232
0.647899 0.681734
Train:
DSE:
0.635081 0.655511
0.577542 0.662693
0.604946 0.659083
Val:
DSE:
0.615985 0.634538
  0.5338 0.618805
0.571955 0.626573
Epoch 25
Train:
Target:
0.117921 0.155286
0.851232 0.907426
0.207146 0.265191
Val:
Target:
0.223565 0.296458
  0.8432 0.904655
0.353424 0.446573
Train:
Agent:
 0.62257 0.647867
0.730151 0.764484
0.672083 0.701361
Val:
Agent:
0.618505 0.649215
0.686219 0.727301
0.650605 0.686043
Train:
DSE:
 0.57949  0.61756
0.658455 0.730341
0.616454 0.669232
Val:
DSE:
0.563505  0.60267
0.604501 0.680758
0.583284 0.639338
Epoch 30
Train:
Target:
 0.14485 0.178108
 0.73857 0.824509
  0.2422 0.292937
Val:
Target:
0.262378 0.322694
0.711353 0.804834
0.383358 0.460681
Train:
Agent:
0.693499 0.708603
0.674371 0.723619
0.683802 0.716032
Val:
Agent:
0.672727 0.690769
  0.6293 0.681746
0.650289 0.686228
Train:
DSE:
0.617182 0.653725
0.623339 0.696904
0.620245 0.674624
Val:
DSE:
0.589892 0.629141
0.567372 0.635204
0.578413 0.632158
Epoch 35
Train:
Target:
0.140127 0.171192
0.794128 0.868465
0.238219 0.286006
Val:
Target:
0.253593 0.312545
0.768473 0.850045
0.381344 0.457044
Train:
Agent:
0.679887  0.69729
0.703032 0.746875
0.691266 0.721231
Val:
Agent:
0.652963 0.675439
0.657565 0.703575
0.655256  0.68922
Train:
DSE:
0.600624 0.638544
0.649642 0.721362
0.624172 0.677432
Val:
DSE:
0.574683 0.613192
0.591932 0.663265
 0.58318 0.637246
Epoch 40
Train:
Target:
0.153438 0.184016
0.739801 0.829837
0.254162 0.301233
Val:
Target:
0.275525 0.331137
0.709752 0.804387
0.396953 0.469144
Train:
Agent:
0.651357 0.673624
0.739713 0.774163
0.692729 0.720403
Val:
Agent:
0.628683 0.656745
0.685047 0.727301
0.655656 0.690225
Train:
DSE:
0.616255 0.652083
0.640422 0.713467
0.628106 0.681396
Val:
DSE:
0.585058 0.622707
0.577696 0.646866
0.581354 0.634556
Epoch 45
Train:
Target:
0.144641 0.181002
0.778684 0.847153
0.243966 0.298275
Val:
Target:
0.260712 0.329235
0.746295 0.823187
0.386429 0.470352
Train:
Agent:
0.643347 0.666629
0.748133 0.781153
0.691794 0.719362
Val:
Agent:
 0.62111 0.650629
0.694546  0.73521
0.655779 0.690338
Train:
DSE:
0.614452 0.652235
0.640409 0.712384
0.627162 0.680984
Val:
DSE:
0.581055 0.619521
0.580408 0.649417
0.580731 0.634117
Epoch 50
Train:
Target:
0.129311 0.172178
0.834047 0.884782
0.223907  0.28826
Val:
Target:
0.240023 0.320308
0.807729 0.871531
0.370076 0.468449
Train:
Agent:
0.649175 0.670928
0.745187 0.780885
0.693875 0.721742
Val:
Agent:
0.624015 0.651336
0.689241 0.733312
0.655008 0.689897
Train:
DSE:
0.611299 0.650076
0.649532 0.721207
0.629836 0.683797
Val:
DSE:
0.576985 0.617259
0.585614 0.655248
0.581268 0.635686
Epoch 55
Train:
Target:
0.154161 0.190336
0.732398 0.807859
0.254709 0.308085
Val:
Target:
0.271944 0.339482
 0.69457 0.777977
0.390857 0.472696
Train:
Agent:
0.653277 0.676834
0.740576 0.773088
0.694193 0.721766
Val:
Agent:
0.627504 0.656838
0.682643  0.72572
0.653913 0.689563
Train:
DSE:
0.626465 0.662951
 0.62527 0.697523
0.625867 0.679798
Val:
DSE:
0.591059  0.62847
0.565001  0.63484
0.577736 0.631639
Epoch 60
Train:
Target:
0.147885 0.184115
0.766638 0.837496
0.247942 0.301867
Val:
Target:
0.266298 0.334616
0.725253 0.807073
0.389558 0.473088
Train:
Agent:
0.656338 0.679014
0.740093 0.773491
0.695704  0.72318
Val:
Agent:
0.625997 0.654815
0.682102 0.726036
0.652846 0.688589
Train:
DSE:
0.619751 0.657199
0.637568 0.708978
0.628533 0.682108
Val:
DSE:
0.583371 0.622905
0.573377 0.641764
0.578331 0.632194
Epoch 65
Train:
Target:
 0.15404 0.188421
0.739697 0.815518
0.254982 0.306116
Val:
Target:
0.272599 0.336797
0.698321 0.785139
0.392126 0.471386
Train:
Agent:
0.665299 0.686588
0.731927 0.767307
0.697024 0.724707
Val:
Agent:
0.635467 0.662851
0.674838  0.71876
0.654561 0.689674
Train:
DSE:
0.622199 0.659016
0.633302 0.704799
0.627702 0.681139
Val:
DSE:
0.585763 0.624211
0.570859 0.639942
0.578215 0.631978
Epoch 70
Train:
Target:
0.155355 0.188656
0.739785  0.81685
0.256784 0.306519
Val:
Target:
 0.27282 0.334872
0.699288 0.787377
0.392507 0.469896
Train:
Agent:
0.663651  0.68469
0.735096 0.770534
0.697549  0.72508
Val:
Agent:
0.632706 0.659852
0.676793 0.720658
0.654007 0.688916
Train:
DSE:
0.620281  0.65767
0.635583 0.706502
0.627839 0.681212
Val:
DSE:
0.584705 0.623908
 0.57308 0.641399
0.578834 0.632533
Epoch 75
Train:
Target:
0.150989 0.186506
 0.75681 0.827839
0.251752 0.304427
Val:
Target:
0.269582 0.335557
0.712515 0.799463
0.391166 0.472706
Train:
Agent:
0.661494  0.68332
0.736103 0.770668
0.696807  0.72437
Val:
Agent:
0.634088 0.661928
0.678289 0.722556
0.655444 0.690914
Train:
DSE:
0.620918 0.658111
 0.63686 0.708204
0.628788 0.682239
Val:
DSE:
0.584098 0.623472
0.572792 0.641399
 0.57839 0.632309
Epoch 80
Train:
Target:
0.151782 0.186972
0.757034 0.829837
0.252866 0.305183
Val:
Target:
0.269426 0.334869
0.711225  0.79812
0.390806 0.471788
Train:
Agent:
0.660705 0.682584
0.738512 0.773222
0.697445 0.725082
Val:
Agent:
0.632852 0.660633
0.680293 0.724454
0.655716 0.691074
Train:
DSE:
0.618997 0.656571
0.639559 0.711146
 0.62911  0.68277
Val:
DSE:
0.580941 0.620271
0.574532 0.642128
0.577719  0.63101
Epoch 85
Train:
Target:
0.152018 0.186754
0.754958 0.827506
0.253077 0.304734
Val:
Target:
0.270272 0.334754
0.709733 0.796777
0.391469 0.471439
Train:
Agent:
0.660593 0.682462
0.739146 0.773625
0.697665  0.72519
Val:
Agent:
0.631797 0.659791
0.680703 0.724771
0.655339 0.690756
Train:
DSE:
0.619797 0.657304
0.638798 0.710526
0.629154  0.68288
Val:
DSE:
0.582878 0.622129
0.574532 0.642128
0.578675 0.631971
Epoch 90
Train:
Target:
0.151885 0.186733
0.756302 0.828838
0.252967 0.304797
Val:
Target:
0.270498  0.33509
0.710955 0.798568
0.391892 0.472086
Train:
Agent:
0.660767  0.68251
0.738665 0.773222
0.697548  0.72504
Val:
Agent:
0.632321 0.660351
0.680674 0.724771
0.655607 0.691063
Train:
DSE:
0.618625 0.656202
0.639716 0.711146
0.628994  0.68257
Val:
DSE:
0.581549 0.620749
0.574584 0.642128
0.578046 0.631258
Epoch 95
Train:
Target:
0.151669   0.1866
0.755726 0.828172
0.252635 0.304574
Val:
Target:
0.270127 0.334981
0.710143  0.79812
 0.39138   0.4719
Train:
Agent:
0.660879 0.682615
0.738637 0.773625
0.697598 0.725276
Val:
Agent:
0.632437 0.660447
0.680262 0.724454
0.655478 0.690971
Train:
DSE:
0.619222 0.656752
0.639181 0.710836
0.629043 0.682725
Val:
DSE:
 0.58227 0.621481
0.574532 0.642128
0.578375 0.631636
Epoch 100
Train:
Target:
0.151739 0.186533
0.754131 0.826507
0.252644 0.304372
Val:
Target:
0.271053  0.33584
0.708143 0.795882
0.392045 0.472358
Train:
Agent:
0.660695 0.682457
0.739102  0.77376
0.697703 0.725246
Val:
Agent:
0.631602 0.659605
0.680703 0.724771
0.655234 0.690654
Train:
DSE:
0.618937 0.656475
0.639355 0.710836
 0.62898 0.682575
Val:
DSE:
0.581809 0.620965
0.574584 0.642128
0.578174 0.631369
Epoch 105
Train:
Target:
0.151468 0.186414
0.754842 0.827173
0.252308 0.304259
Val:
Target:
0.270491 0.335499
0.709066 0.796777
0.391597 0.472178
Train:
Agent:
 0.66089 0.682647
0.738959  0.77376
0.697747 0.725353
Val:
Agent:
0.631781 0.659791
0.680342 0.724454
0.655163 0.690612
Train:
DSE:
 0.61885 0.656382
0.639336 0.710836
0.628926 0.682525
Val:
DSE:
0.582011 0.621181
0.574584 0.642128
0.578274 0.631481
Epoch 110
Train:
Target:
0.151547 0.186504
0.754784 0.827173
0.252414 0.304379
Val:
Target:
0.270731 0.335729
0.708977 0.796329
0.391835 0.472327
Train:
Agent:
0.660772 0.682536
0.738694 0.773625
0.697564 0.725232
Val:
Agent:
0.631959 0.659977
0.680313 0.724454
0.655245 0.690714
Train:
DSE:
0.618937 0.656475
0.639336 0.710836
0.628971 0.682575
Val:
DSE:
0.582011 0.621181
0.574584 0.642128
0.578274 0.631481
Epoch 115
Train:
Target:
0.151563 0.186568
0.754759 0.827173
0.252434 0.304464
Val:
Target:
0.270781 0.335786
0.709089 0.796329
0.391905 0.472384
Train:
Agent:
0.660695 0.682457
0.738694 0.773625
0.697521 0.725187
Val:
Agent:
0.631959 0.659977
0.680313 0.724454
0.655245 0.690714
Train:
DSE:
0.618937 0.656475
0.639336 0.710836
0.628971 0.682575
Val:
DSE:
0.581865 0.621049
0.574532 0.642128
0.578175 0.631413
Epoch 120
Train:
Target:
0.151584 0.186593
0.754784 0.827173
0.252465 0.304498
Val:
Target:
0.270657 0.335673
0.709141 0.796329
0.391782 0.472271
Train:
Agent:
0.660772 0.682536
0.738694 0.773625
0.697564 0.725232
Val:
Agent:
0.631959 0.659977
0.680313 0.724454
0.655245 0.690714
Train:
DSE:
0.618937 0.656475
0.639336 0.710836
0.628971 0.682575
Val:
DSE:
0.582011 0.621181
0.574584 0.642128
0.578274 0.631481
Epoch 125
Train:
Target:
0.151481  0.18655
0.754909 0.827173
0.252329 0.304441
Val:
Target:
0.270781 0.335786
0.709176 0.796329
0.391918 0.472384
Train:
Agent:
0.660772 0.682536
0.738694 0.773625
0.697564 0.725232
Val:
Agent:
0.631959 0.659977
0.680313 0.724454
0.655245 0.690714
Train:
DSE:
0.618937 0.656475
0.639336 0.710836
0.628971 0.682575
Val:
DSE:
0.582011 0.621181
0.574584 0.642128
0.578274 0.631481
Epoch 130
Train:
Target:
0.151491 0.186563
0.754883 0.827173
0.252342 0.304458
Val:
Target:
0.270906   0.3359
0.709151 0.796329
0.392045 0.472496
Train:
Agent:
0.660772 0.682536
0.738694 0.773625
0.697564 0.725232
Val:
Agent:
0.631959 0.659977
0.680313 0.724454
0.655245 0.690714
Train:
DSE:
0.618937 0.656475
0.639336 0.710836
0.628971 0.682575
Val:
DSE:
0.582011 0.621181
0.574584 0.642128
0.578274 0.631481
Epoch 135
Train:
Target:
0.151491 0.186563
0.754883 0.827173
0.252342 0.304458
Val:
Target:
0.270906   0.3359
0.709185 0.796329
0.392051 0.472496
Train:
Agent:
0.660772 0.682536
0.738694 0.773625
0.697564 0.725232
Val:
Agent:
0.631959 0.659977
0.680313 0.724454
0.655245 0.690714
Train:
DSE:
0.618937 0.656475
0.639336 0.710836
0.628971 0.682575
Val:
DSE:
0.582011 0.621181
0.574584 0.642128
0.578274 0.631481
Epoch 140
Train:
Target:
0.151491 0.186563
0.754883 0.827173
0.252342 0.304458
Val:
Target:
0.270906   0.3359
0.709185 0.796329
0.392051 0.472496
Train:
Agent:
0.660772 0.682536
0.738694 0.773625
0.697564 0.725232
Val:
Agent:
0.631959 0.659977
0.680313 0.724454
0.655245 0.690714
Train:
DSE:
0.618937 0.656475
0.639336 0.710836
0.628971 0.682575
Val:
DSE:
0.582011 0.621181
0.574584 0.642128
0.578274 0.631481
Epoch 145
Train:
Target:
0.151491 0.186563
0.754883 0.827173
0.252342 0.304458
Val:
Target:
0.270906   0.3359
0.709185 0.796329
0.392051 0.472496
Train:
Agent:
0.660772 0.682536
0.738694 0.773625
0.697564 0.725232
Val:
Agent:
0.631959 0.659977
0.680313 0.724454
0.655245 0.690714
Train:
DSE:
0.618937 0.656475
0.639336 0.710836
0.628971 0.682575
Val:
DSE:
0.582011 0.621181
0.574584 0.642128
0.578274 0.631481
Epoch 150
Train:
Target:
0.151501 0.186576
0.754883 0.827173
0.252356 0.304475
Val:
Target:
0.270906   0.3359
0.709185 0.796329
0.392051 0.472496
Train:
Agent:
0.660772 0.682536
0.738694 0.773625
0.697564 0.725232
Val:
Agent:
0.631959 0.659977
0.680313 0.724454
0.655245 0.690714
Train:
DSE:
0.618937 0.656475
0.639336 0.710836
0.628971 0.682575
Val:
DSE:
0.582011 0.621181
0.574584 0.642128
0.578274 0.631481
Epoch 155
Train:
Target:
0.151512 0.186589
0.754883 0.827173
0.252371 0.304492
Val:
Target:
0.270906   0.3359
0.709185 0.796329
0.392051 0.472496
Train:
Agent:
0.660772 0.682536
0.738694 0.773625
0.697564 0.725232
Val:
Agent:
0.631959 0.659977
0.680313 0.724454
0.655245 0.690714
Train:
DSE:
0.618937 0.656475
0.639336 0.710836
0.628971 0.682575
Val:
DSE:
0.582011 0.621181
0.574584 0.642128
0.578274 0.631481
Epoch 160
Train:
Target:
 0.15157 0.186645
0.754931 0.827173
0.252454 0.304566
Val:
Target:
0.270906   0.3359
0.709185 0.796329
0.392051 0.472496
Train:
Agent:
0.660772 0.682536
0.738694 0.773625
0.697564 0.725232
Val:
Agent:
0.631959 0.659977
0.680313 0.724454
0.655245 0.690714
Train:
DSE:
0.618937 0.656475
0.639336 0.710836
0.628971 0.682575
Val:
DSE:
0.582011 0.621181
0.574584 0.642128
0.578274 0.631481
Epoch 165
Train:
Target:
 0.15157 0.186645
0.754931 0.827173
0.252454 0.304566
Val:
Target:
0.270906   0.3359
0.709185 0.796329
0.392051 0.472496
Train:
Agent:
0.660772 0.682536
0.738694 0.773625
0.697564 0.725232
Val:
Agent:
0.631959 0.659977
0.680313 0.724454
0.655245 0.690714
Train:
DSE:
0.618937 0.656475
0.639336 0.710836
0.628971 0.682575
Val:
DSE:
0.582011 0.621181
0.574584 0.642128
0.578274 0.631481
Epoch 170
Train:
Target:
 0.15157 0.186645
0.754931 0.827173
0.252454 0.304566
Val:
Target:
0.270906   0.3359
0.709185 0.796329
0.392051 0.472496
Train:
Agent:
0.660772 0.682536
0.738694 0.773625
0.697564 0.725232
Val:
Agent:
0.631959 0.659977
0.680313 0.724454
0.655245 0.690714
Train:
DSE:
0.618937 0.656475
0.639336 0.710836
0.628971 0.682575
Val:
DSE:
0.582011 0.621181
0.574584 0.642128
0.578274 0.631481
Epoch 175
Train:
Target:
 0.15157 0.186645
0.754931 0.827173
0.252454 0.304566
Val:
Target:
0.270906   0.3359
0.709185 0.796329
0.392051 0.472496
Train:
Agent:
0.660772 0.682536
0.738694 0.773625
0.697564 0.725232
Val:
Agent:
0.631959 0.659977
0.680313 0.724454
0.655245 0.690714
Train:
DSE:
0.618937 0.656475
0.639336 0.710836
0.628971 0.682575
Val:
DSE:
0.582011 0.621181
0.574584 0.642128
0.578274 0.631481
Epoch 180
Train:
Target:
0.151581 0.186657
0.754931 0.827173
0.252469 0.304584
Val:
Target:
0.270906   0.3359
0.709185 0.796329
0.392051 0.472496
Train:
Agent:
0.660772 0.682536
0.738694 0.773625
0.697564 0.725232
Val:
Agent:
0.631959 0.659977
0.680313 0.724454
0.655245 0.690714
Train:
DSE:
0.618937 0.656475
0.639336 0.710836
0.628971 0.682575
Val:
DSE:
0.582011 0.621181
0.574584 0.642128
0.578274 0.631481
Epoch 185
Train:
Target:
0.151581 0.186657
0.754931 0.827173
0.252469 0.304584
Val:
Target:
0.270906   0.3359
0.709185 0.796329
0.392051 0.472496
Train:
Agent:
0.660772 0.682536
0.738694 0.773625
0.697564 0.725232
Val:
Agent:
0.631959 0.659977
0.680313 0.724454
0.655245 0.690714
Train:
DSE:
0.618937 0.656475
0.639336 0.710836
0.628971 0.682575
Val:
DSE:
0.582011 0.621181
0.574584 0.642128
0.578274 0.631481
Epoch 190
Train:
Target:
0.151581 0.186657
0.754931 0.827173
0.252469 0.304584
Val:
Target:
0.270906   0.3359
0.709185 0.796329
0.392051 0.472496
Train:
Agent:
0.660772 0.682536
0.738694 0.773625
0.697564 0.725232
Val:
Agent:
0.631959 0.659977
0.680313 0.724454
0.655245 0.690714
Train:
DSE:
0.618937 0.656475
0.639336 0.710836
0.628971 0.682575
Val:
DSE:
0.582011 0.621181
0.574584 0.642128
0.578274 0.631481
Epoch 195
Train:
Target:
0.151581 0.186657
0.754931 0.827173
0.252469 0.304584
Val:
Target:
0.270906   0.3359
0.709185 0.796329
0.392051 0.472496
Train:
Agent:
0.660772 0.682536
0.738694 0.773625
0.697564 0.725232
Val:
Agent:
0.631959 0.659977
0.680313 0.724454
0.655245 0.690714
Train:
DSE:
0.618937 0.656475
0.639336 0.710836
0.628971 0.682575
Val:
DSE:
0.582011 0.621181
0.574584 0.642128
0.578274 0.631481
Best: 
OCLASS_WEIGHT_TARGET: 0
Validation:
Target
0.275525 0.331137
0.709752 0.804387
0.396953 0.469144
Agent
 0.62111 0.650629
0.694546  0.73521
0.655779 0.690338
DSE
0.563505  0.60267
0.604501 0.680758
0.583284 0.639338
Test:
Target
0.129313 0.147199
0.730143  0.86383
0.219713 0.251536
Agent
0.616039 0.633918
0.708557 0.750355
0.659067 0.687239
DSE
0.546304 0.586395
0.610798 0.669856
0.576753 0.625353
