9471 6281 892
Valid size: 2298
Epoch 0
Train:
Target:
1 1
0 0
0 0
Val:
Target:
1 1
0 0
0 0
Train:
Agent:
1 1
0 0
0 0
Val:
Agent:
1 1
0 0
0 0
Train:
DSE:
1 1
0 0
0 0
Val:
DSE:
1 1
0 0
0 0
is from:
0,0,0
Train:1 0 0
0,0,0
Val:1 0 0
0,0,0
Test:1 0 0
is about:
0,0,0
Train:1 0 0
0,0,0
Val:1 0 0
0,0,0
Test:1 0 0
Epoch 5
Train:
Target:
1 1
0 0
0 0
Val:
Target:
1 1
0 0
0 0
Train:
Agent:
1 1
0 0
0 0
Val:
Agent:
1 1
0 0
0 0
Train:
DSE:
1 1
0 0
0 0
Val:
DSE:
   0    0
   0    0
-nan -nan
is from:
0,0,0
Train:1 0 0
0,0,0
Val:1 0 0
0,0,0
Test:1 0 0
is about:
0,0,0
Train:1 0 0
0,0,0
Val:1 0 0
0,0,0
Test:1 0 0
Epoch 10
Train:
Target:
1 1
0 0
0 0
Val:
Target:
1 1
0 0
0 0
Train:
Agent:
0.698174 0.699467
0.303393 0.373031
0.422979  0.48657
Val:
Agent:
 0.66519 0.665823
0.298496 0.360482
0.412078  0.46773
Train:
DSE:
0.605065 0.605065
0.240068 0.272704
0.343749 0.375961
Val:
DSE:
0.593997 0.593997
0.214799 0.246319
0.315506 0.348232
is from:
0,0,0
Train:1 0 0
0,0,0
Val:1 0 0
0,0,0
Test:1 0 0
is about:
1508,0,0
Train:   0    0 -nan
521,0,0
Val:   0    0 -nan
173,0,0
Test:   0    0 -nan
Epoch 15
Train:
Target:
1 1
0 0
0 0
Val:
Target:
1 1
0 0
0 0
Train:
Agent:
0.605264 0.613027
0.481621  0.53271
 0.53641 0.570053
Val:
Agent:
0.576012  0.58123
0.449809 0.505666
0.505147 0.540821
Train:
DSE:
0.565176 0.587623
0.425174  0.48699
0.485279 0.532594
Val:
DSE:
0.570719 0.593322
0.404028 0.461178
0.473121  0.51897
is from:
0,0,0
Train:1 0 0
0,0,0
Val:1 0 0
0,0,0
Test:1 0 0
is about:
3744,0,0
Train:   0    0 -nan
1280,0,0
Val:   0    0 -nan
401,0,0
Test:   0    0 -nan
Epoch 20
Train:
Target:
0.377867 0.381443
0.177879 0.398143
0.241889 0.389614
Val:
Target:
0.345622 0.347887
0.158225 0.340141
0.217074 0.343971
Train:
Agent:
 0.57515 0.587056
0.584567 0.628571
 0.57982 0.607105
Val:
Agent:
0.544545 0.555199
0.541609 0.592068
0.543073 0.573041
Train:
DSE:
 0.48992 0.517101
0.597542 0.669643
0.538406 0.583568
Val:
DSE:
0.479688 0.510776
0.565519 0.627845
0.519079 0.563292
is from:
0,0,0
Train:1 0 0
0,0,0
Val:1 0 0
0,0,0
Test:1 0 0
is about:
0,0,0
Train:1 0 0
0,0,0
Val:1 0 0
0,0,0
Test:1 0 0
Epoch 25
Train:
Target:
0.428536 0.437852
 0.17247 0.355303
0.245952 0.392282
Val:
Target:
0.403916 0.413103
0.153166 0.296936
0.222108 0.345517
Train:
Agent:
0.606417 0.616261
0.567579 0.613618
0.586355 0.614937
Val:
Agent:
0.561822 0.569848
0.515773 0.569405
0.537814 0.569626
Train:
DSE:
0.589085 0.606443
0.520415 0.591582
0.552625  0.59892
Val:
DSE:
0.558178 0.576868
0.478288 0.534137
0.515154  0.55468
is from:
0,0,0
Train:1 0 0
0,0,0
Val:1 0 0
0,0,0
Test:1 0 0
is about:
0,0,0
Train:1 0 0
0,0,0
Val:1 0 0
0,0,0
Test:1 0 0
Epoch 30
Train:
Target:
0.359108 0.385415
0.381067 0.559317
0.369762  0.45636
Val:
Target:
0.330803  0.35737
0.341927  0.51846
0.336273   0.4231
Train:
Agent:
0.659198 0.672441
0.512407 0.548198
0.576607 0.603996
Val:
Agent:
0.608053 0.619048
0.460622 0.505666
0.524167 0.556642
Train:
DSE:
0.582046 0.601721
0.561868 0.631888
0.571779 0.616436
Val:
DSE:
0.540584 0.562336
0.514838 0.572289
0.527397 0.567269
is from:
0,0,0
Train:1 0 0
0,0,0
Val:1 0 0
0,0,0
Test:1 0 0
is about:
0,0,0
Train:1 0 0
0,0,0
Val:1 0 0
0,0,0
Test:1 0 0
Epoch 35
Train:
Target:
0.443704 0.447677
0.160336 0.320252
0.235553 0.373392
Val:
Target:
0.393026 0.397163
0.132351 0.256874
0.198019 0.311972
Train:
Agent:
0.590425 0.608304
0.605332 0.640854
0.597786 0.624155
Val:
Agent:
0.539842 0.555333
0.541363 0.580028
0.540602 0.567412
Train:
DSE:
0.543146 0.572562
0.626162 0.690816
0.581707 0.626155
Val:
DSE:
 0.50798 0.539339
0.567962 0.623829
0.536299 0.578515
is from:
0,0,0
Train:1 0 0
0,0,0
Val:1 0 0
0,0,0
Test:1 0 0
is about:
0,0,0
Train:1 0 0
0,0,0
Val:1 0 0
0,0,0
Test:1 0 0
Epoch 40
Train:
Target:
0.285645 0.338332
0.598317 0.711504
0.386683 0.458594
Val:
Target:
0.276102 0.336166
0.560763 0.677141
0.370019 0.449285
Train:
Agent:
  0.6002 0.617236
0.593638  0.62777
0.596901 0.622459
Val:
Agent:
0.542662 0.557173
0.520781 0.561615
0.531496 0.559385
Train:
DSE:
0.556677 0.587426
0.616153 0.681888
0.584907 0.631142
Val:
DSE:
0.521009 0.553625
0.555598 0.607764
0.537748 0.579433
is from:
0,0,0
Train:1 0 0
0,0,0
Val:1 0 0
0,0,0
Test:1 0 0
is about:
0,0,0
Train:1 0 0
0,0,0
Val:1 0 0
0,0,0
Test:1 0 0
Epoch 45
Train:
Target:
0.410898 0.439637
0.385193 0.543739
0.397631 0.486178
Val:
Target:
0.371502 0.402642
0.323258 0.465043
0.345705 0.431599
Train:
Agent:
0.688595 0.699048
0.513442 0.551135
0.588257 0.616341
Val:
Agent:
0.633222 0.644773
0.449775 0.483003
0.525962 0.552286
Train:
DSE:
0.598382 0.624691
0.572017 0.637755
0.584903 0.631155
Val:
DSE:
0.553866 0.583673
0.513322 0.568273
0.532824  0.57587
is from:
0,0,0
Train:1 0 0
0,0,0
Val:1 0 0
0,0,0
Test:1 0 0
is about:
0,0,0
Train:1 0 0
0,0,0
Val:1 0 0
0,0,0
Test:1 0 0
Epoch 50
Train:
Target:
0.385479 0.422682
0.425331   0.5716
0.404425 0.485989
Val:
Target:
0.353838 0.396506
0.366914 0.506677
0.360257 0.444872
Train:
Agent:
0.617687 0.631891
 0.61048 0.645394
0.614063 0.638571
Val:
Agent:
0.561428 0.575693
0.531659 0.565864
0.546138 0.570736
Train:
DSE:
 0.59724 0.622811
0.579984 0.644388
0.588486 0.633416
Val:
DSE:
0.549359 0.578663
0.512671 0.568942
0.530381 0.573762
is from:
0,0,0
Train:1 0 0
0,0,0
Val:1 0 0
0,0,0
Test:1 0 0
is about:
0,0,0
Train:1 0 0
0,0,0
Val:1 0 0
0,0,0
Test:1 0 0
Epoch 55
Train:
Target:
0.369299 0.414638
0.484023  0.61444
0.418949 0.495143
Val:
Target:
0.336131  0.38867
0.410173 0.538099
0.369479 0.451338
Train:
Agent:
0.662892 0.672786
0.559433 0.598932
0.606784 0.633714
Val:
Agent:
0.607312 0.619447
0.483678 0.516997
 0.53849 0.563604
Train:
DSE:
0.598931 0.623251
 0.58377  0.64949
0.591253   0.6361
Val:
DSE:
0.545551 0.573041
0.517271 0.572289
0.531035 0.572665
is from:
0,0,0
Train:1 0 0
0,0,0
Val:1 0 0
0,0,0
Test:1 0 0
is about:
0,0,0
Train:1 0 0
0,0,0
Val:1 0 0
0,0,0
Test:1 0 0
Epoch 60
Train:
Target:
0.393454 0.431774
0.447464 0.588975
0.418725  0.49827
Val:
Target:
0.354385 0.397129
0.372556 0.504321
0.363243 0.444352
Train:
Agent:
0.643441 0.655476
0.583833 0.621629
0.612189 0.638104
Val:
Agent:
0.579428 0.592479
 0.49888 0.536827
0.536146 0.563282
Train:
DSE:
0.581113 0.608175
0.611204 0.676531
0.595779 0.640534
Val:
DSE:
 0.53325 0.562968
0.540966 0.598394
 0.53708  0.58014
is from:
0,0,0
Train:1 0 0
0,0,0
Val:1 0 0
0,0,0
Test:1 0 0
is about:
0,0,0
Train:1 0 0
0,0,0
Val:1 0 0
0,0,0
Test:1 0 0
Epoch 65
Train:
Target:
0.388762 0.432294
0.459423 0.602157
0.421149 0.503279
Val:
Target:
0.358257 0.410646
0.391551 0.522388
0.374165 0.459826
Train:
Agent:
0.659911  0.67103
0.564069 0.602136
0.608238 0.634719
Val:
Agent:
0.591047 0.603896
0.485546 0.519122
0.533127 0.558309
Train:
DSE:
 0.59377 0.620576
0.595199 0.661224
0.594483 0.640256
Val:
DSE:
0.544114 0.574413
0.524957 0.582329
0.534364 0.578344
is from:
0,0,0
Train:1 0 0
0,0,0
Val:1 0 0
0,0,0
Test:1 0 0
is about:
0,0,0
Train:1 0 0
0,0,0
Val:1 0 0
0,0,0
Test:1 0 0
Epoch 70
Train:
Target:
0.393234 0.436537
0.462572 0.600659
0.425094 0.505613
Val:
Target:
0.357848 0.409432
0.392729 0.521603
0.374478  0.45876
Train:
Agent:
0.649798 0.661646
0.583433 0.618425
 0.61483 0.639305
Val:
Agent:
0.578231 0.591331
0.495797 0.533286
0.533851 0.560811
Train:
DSE:
0.602437 0.627598
 0.58511 0.651786
0.593647 0.639463
Val:
DSE:
0.553976  0.58221
0.514843  0.57095
0.533693 0.576525
is from:
0,0,0
Train:1 0 0
0,0,0
Val:1 0 0
0,0,0
Test:1 0 0
is about:
0,0,0
Train:1 0 0
0,0,0
Val:1 0 0
0,0,0
Test:1 0 0
Epoch 75
Train:
Target:
0.408976 0.451003
0.432378 0.569203
0.420351 0.503256
Val:
Target:
0.375358 0.424206
0.359807 0.487824
0.367418 0.453796
Train:
Agent:
0.670613 0.681859
0.558561 0.595995
 0.60948 0.636042
Val:
Agent:
0.593469 0.606312
0.479294 0.510623
0.530306 0.554369
Train:
DSE:
0.592903 0.619382
0.597815 0.664796
0.595349 0.641286
Val:
DSE:
0.543194 0.573298
0.526296 0.579652
0.534611 0.576458
is from:
0,0,0
Train:1 0 0
0,0,0
Val:1 0 0
0,0,0
Test:1 0 0
is about:
0,0,0
Train:1 0 0
0,0,0
Val:1 0 0
0,0,0
Test:1 0 0
Epoch 80
Train:
Target:
0.392529 0.436866
0.465243 0.600359
0.425804 0.505727
Val:
Target:
 0.35957 0.411797
0.392402 0.517675
0.375269 0.458705
Train:
Agent:
0.652623 0.664883
0.582138 0.617356
0.615369 0.640239
Val:
Agent:
0.576716 0.589844
 0.49551 0.530453
0.533038 0.558574
Train:
DSE:
0.593963 0.620447
0.597716 0.663776
0.595833  0.64138
Val:
DSE:
0.546015 0.576618
0.524288 0.577644
0.534931 0.577131
is from:
0,0,0
Train:1 0 0
0,0,0
Val:1 0 0
0,0,0
Test:1 0 0
is about:
0,0,0
Train:1 0 0
0,0,0
Val:1 0 0
0,0,0
Test:1 0 0
Epoch 85
Train:
Target:
0.407148 0.449754
0.439326 0.576393
0.422625 0.505259
Val:
Target:
0.373366 0.423009
0.367077 0.492537
0.370195 0.455133
Train:
Agent:
0.652532 0.664782
0.581174 0.616021
0.614789 0.639474
Val:
Agent:
0.577985 0.591195
0.493849 0.528329
0.532615 0.557997
Train:
DSE:
0.597663 0.623594
0.588246 0.654337
0.592917 0.638596
Val:
DSE:
0.550279 0.579264
0.518688 0.572959
0.534016 0.576094
is from:
0,0,0
Train:1 0 0
0,0,0
Val:1 0 0
0,0,0
Test:1 0 0
is about:
0,0,0
Train:1 0 0
0,0,0
Val:1 0 0
0,0,0
Test:1 0 0
Epoch 90
Train:
Target:
0.393456 0.438172
 0.46399 0.598862
0.425822 0.506067
Val:
Target:
0.363264  0.41607
0.391303 0.517675
0.376762 0.461345
Train:
Agent:
0.659577 0.671569
0.571992 0.608278
 0.61267 0.638358
Val:
Agent:
 0.58577 0.599194
0.487482 0.521246
0.532126 0.557509
Train:
DSE:
0.592327 0.618937
0.599994 0.666327
0.596136 0.641758
Val:
DSE:
 0.54543 0.575916
0.528248 0.582999
0.536702 0.579436
is from:
0,0,0
Train:1 0 0
0,0,0
Val:1 0 0
0,0,0
Test:1 0 0
is about:
0,0,0
Train:1 0 0
0,0,0
Val:1 0 0
0,0,0
Test:1 0 0
Epoch 95
Train:
Target:
0.404517 0.447329
0.446112 0.581486
0.424298 0.505661
Val:
Target:
0.369921 0.421884
0.371715 0.496465
0.370816 0.456146
Train:
Agent:
0.654581  0.66695
0.581458 0.617356
0.615856 0.641196
Val:
Agent:
0.576099 0.589764
 0.49226 0.526204
 0.53089 0.556174
Train:
DSE:
0.592159 0.618759
0.599776 0.666071
0.595943 0.641544
Val:
DSE:
0.545757 0.576571
0.528806 0.583668
0.537148 0.580098
is from:
0,0,0
Train:1 0 0
0,0,0
Val:1 0 0
0,0,0
Test:1 0 0
is about:
0,0,0
Train:1 0 0
0,0,0
Val:1 0 0
0,0,0
Test:1 0 0
Epoch 100
Train:
Target:
0.398734 0.442117
0.453174 0.588376
0.424215 0.504867
Val:
Target:
0.364758 0.417048
 0.38013 0.502749
0.372285 0.455906
Train:
Agent:
0.658283 0.670383
 0.57711 0.613351
 0.61503   0.6406
Val:
Agent:
0.580367 0.593625
0.489244 0.524079
0.530924 0.556689
Train:
DSE:
0.596318 0.622212
0.591721 0.658673
 0.59401 0.639924
Val:
DSE:
0.548491 0.577896
 0.51958 0.574297
0.533644 0.576091
is from:
0,0,0
Train:1 0 0
0,0,0
Val:1 0 0
0,0,0
Test:1 0 0
is about:
0,0,0
Train:1 0 0
0,0,0
Val:1 0 0
0,0,0
Test:1 0 0
Epoch 105
Train:
Target:
0.402791 0.446211
0.447564 0.581786
0.423998 0.505059
Val:
Target:
0.368962 0.420899
0.373175 0.496465
0.371057  0.45557
Train:
Agent:
0.656619 0.668942
0.579624 0.616021
0.615724 0.641392
Val:
Agent:
0.579192 0.592387
0.490325 0.524788
0.531066 0.556542
Train:
DSE:
0.594492 0.621234
0.596402 0.662755
0.595445 0.641323
Val:
DSE:
0.546603 0.577101
0.523619 0.577644
0.534864 0.577372
is from:
0,0,0
Train:1 0 0
0,0,0
Val:1 0 0
0,0,0
Test:1 0 0
is about:
0,0,0
Train:1 0 0
0,0,0
Val:1 0 0
0,0,0
Test:1 0 0
Epoch 110
Train:
Target:
 0.40154 0.445331
0.451467 0.586878
0.425042   0.5064
Val:
Target:
  0.3657 0.417436
0.375817 0.498822
0.370689 0.454515
Train:
Agent:
0.657356 0.669612
0.578566  0.61522
 0.61545 0.641265
Val:
Agent:
0.579778 0.593005
0.489706 0.524079
0.530949 0.556416
Train:
DSE:
0.595501 0.621992
0.595679  0.66199
 0.59559 0.641368
Val:
DSE:
0.546823 0.577101
0.523485 0.577644
  0.5349 0.577372
is from:
0,0,0
Train:1 0 0
0,0,0
Val:1 0 0
0,0,0
Test:1 0 0
is about:
0,0,0
Train:1 0 0
0,0,0
Val:1 0 0
0,0,0
Test:1 0 0
Epoch 115
Train:
Target:
0.402325 0.445936
0.449322 0.583583
0.424527 0.505558
Val:
Target:
 0.36676 0.418699
0.374629 0.498036
0.370652 0.454935
Train:
Agent:
0.657779 0.669994
0.578426  0.61522
0.615555  0.64144
Val:
Agent:
0.580239 0.593477
0.489617 0.524079
 0.53109 0.556623
Train:
DSE:
0.595777 0.622312
0.594982  0.66148
0.595379 0.641298
Val:
DSE:
0.546585 0.576923
0.522481 0.576305
0.534261 0.576614
is from:
0,0,0
Train:1 0 0
0,0,0
Val:1 0 0
0,0,0
Test:1 0 0
is about:
0,0,0
Train:1 0 0
0,0,0
Val:1 0 0
0,0,0
Test:1 0 0
Epoch 120
Train:
Target:
0.401595 0.445331
0.450865  0.58598
0.424806 0.506065
Val:
Target:
 0.36579 0.418066
0.375614 0.498036
0.370637 0.454561
Train:
Agent:
 0.65838 0.670477
0.577947 0.614419
0.615547 0.641225
Val:
Agent:
0.581627 0.594896
0.489617 0.524079
0.531671 0.557247
Train:
DSE:
0.595406 0.621902
0.595466 0.661735
0.595436   0.6412
Val:
DSE:
0.546823 0.577101
0.523485 0.577644
  0.5349 0.577372
is from:
0,0,0
Train:1 0 0
0,0,0
Val:1 0 0
0,0,0
Test:1 0 0
is about:
0,0,0
Train:1 0 0
0,0,0
Val:1 0 0
0,0,0
Test:1 0 0
Epoch 125
Train:
Target:
0.402187 0.445871
0.450174 0.585081
 0.42483 0.506077
Val:
Target:
0.366489 0.418308
0.374935 0.498036
0.370664 0.454704
Train:
Agent:
0.658012 0.670091
0.578337 0.614953
0.615607 0.641339
Val:
Agent:
0.581164 0.594422
0.489617 0.524079
0.531477 0.557039
Train:
DSE:
0.595591 0.622107
0.595169  0.66148
 0.59538 0.641189
Val:
DSE:
0.546223 0.576541
0.522481 0.576305
0.534088 0.576423
is from:
0,0,0
Train:1 0 0
0,0,0
Val:1 0 0
0,0,0
Test:1 0 0
is about:
0,0,0
Train:1 0 0
0,0,0
Val:1 0 0
0,0,0
Test:1 0 0
Epoch 130
Train:
Target:
0.402187 0.445871
0.450206 0.585081
0.424844 0.506077
Val:
Target:
0.366489 0.418308
0.374935 0.498036
0.370664 0.454704
Train:
Agent:
0.658861 0.670951
0.577905 0.614686
0.615733 0.641588
Val:
Agent:
0.581627 0.594896
0.489617 0.524079
0.531671 0.557247
Train:
DSE:
0.595591 0.622107
0.595211  0.66148
0.595401 0.641189
Val:
DSE:
0.546523 0.576821
 0.52315 0.576975
0.534581 0.576898
is from:
0,0,0
Train:1 0 0
0,0,0
Val:1 0 0
0,0,0
Test:1 0 0
is about:
0,0,0
Train:1 0 0
0,0,0
Val:1 0 0
0,0,0
Test:1 0 0
Epoch 135
Train:
Target:
0.401805 0.445519
 0.45032 0.585081
0.424681  0.50585
Val:
Target:
 0.36645 0.418551
0.375066 0.498036
0.370708 0.454847
Train:
Agent:
0.658478 0.670571
0.578003 0.614686
0.615622 0.641414
Val:
Agent:
0.581164 0.594422
0.489617 0.524079
0.531477 0.557039
Train:
DSE:
0.595591 0.622107
0.595211  0.66148
0.595401 0.641189
Val:
DSE:
0.546523 0.576821
 0.52315 0.576975
0.534581 0.576898
is from:
0,0,0
Train:1 0 0
0,0,0
Val:1 0 0
0,0,0
Test:1 0 0
is about:
0,0,0
Train:1 0 0
0,0,0
Val:1 0 0
0,0,0
Test:1 0 0
Epoch 140
Train:
Target:
0.401888 0.445539
0.450308 0.585081
0.424723 0.505863
Val:
Target:
 0.36645 0.418551
0.375066 0.498036
0.370708 0.454847
Train:
Agent:
0.658478 0.670571
0.578003 0.614686
0.615622 0.641414
Val:
Agent:
0.581627 0.594896
0.489617 0.524079
0.531671 0.557247
Train:
DSE:
0.595591 0.622107
0.595211  0.66148
0.595401 0.641189
Val:
DSE:
0.546523 0.576821
 0.52315 0.576975
0.534581 0.576898
is from:
0,0,0
Train:1 0 0
0,0,0
Val:1 0 0
0,0,0
Test:1 0 0
is about:
0,0,0
Train:1 0 0
0,0,0
Val:1 0 0
0,0,0
Test:1 0 0
Epoch 145
Train:
Target:
 0.40188 0.445602
 0.45032 0.585081
0.424723 0.505904
Val:
Target:
 0.36645 0.418551
0.375066 0.498036
0.370708 0.454847
Train:
Agent:
0.658575 0.670666
0.577958 0.614686
0.615639 0.641457
Val:
Agent:
0.581627 0.594896
0.489617 0.524079
0.531671 0.557247
Train:
DSE:
0.595591 0.622107
0.595211  0.66148
0.595401 0.641189
Val:
DSE:
0.546523 0.576821
 0.52315 0.576975
0.534581 0.576898
is from:
0,0,0
Train:1 0 0
0,0,0
Val:1 0 0
0,0,0
Test:1 0 0
is about:
0,0,0
Train:1 0 0
0,0,0
Val:1 0 0
0,0,0
Test:1 0 0
Epoch 150
Train:
Target:
0.402037 0.445705
0.450308 0.585081
0.424806  0.50597
Val:
Target:
 0.36645 0.418551
0.375066 0.498036
0.370708 0.454847
Train:
Agent:
0.658666 0.670763
0.577691 0.614419
0.615527 0.641356
Val:
Agent:
0.581627 0.594896
0.489617 0.524079
0.531671 0.557247
Train:
DSE:
0.595591 0.622107
0.595211  0.66148
0.595401 0.641189
Val:
DSE:
0.546523 0.576821
 0.52315 0.576975
0.534581 0.576898
is from:
0,0,0
Train:1 0 0
0,0,0
Val:1 0 0
0,0,0
Test:1 0 0
is about:
0,0,0
Train:1 0 0
0,0,0
Val:1 0 0
0,0,0
Test:1 0 0
Epoch 155
Train:
Target:
0.402037 0.445705
0.450308 0.585081
0.424806  0.50597
Val:
Target:
 0.36645 0.418551
0.375066 0.498036
0.370708 0.454847
Train:
Agent:
0.658666 0.670763
0.577691 0.614419
0.615527 0.641356
Val:
Agent:
0.581627 0.594896
0.489617 0.524079
0.531671 0.557247
Train:
DSE:
0.595591 0.622107
0.595211  0.66148
0.595401 0.641189
Val:
DSE:
0.546523 0.576821
 0.52315 0.576975
0.534581 0.576898
is from:
0,0,0
Train:1 0 0
0,0,0
Val:1 0 0
0,0,0
Test:1 0 0
is about:
0,0,0
Train:1 0 0
0,0,0
Val:1 0 0
0,0,0
Test:1 0 0
Epoch 160
Train:
Target:
0.402037 0.445705
0.450308 0.585081
0.424806  0.50597
Val:
Target:
 0.36645 0.418551
0.375066 0.498036
0.370708 0.454847
Train:
Agent:
 0.65838 0.670477
0.577736 0.614419
0.615427 0.641225
Val:
Agent:
0.581627 0.594896
0.489617 0.524079
0.531671 0.557247
Train:
DSE:
0.595591 0.622107
0.595211  0.66148
0.595401 0.641189
Val:
DSE:
0.546523 0.576821
 0.52315 0.576975
0.534581 0.576898
is from:
0,0,0
Train:1 0 0
0,0,0
Val:1 0 0
0,0,0
Test:1 0 0
is about:
0,0,0
Train:1 0 0
0,0,0
Val:1 0 0
0,0,0
Test:1 0 0
Epoch 165
Train:
Target:
0.402037 0.445705
0.450308 0.585081
0.424806  0.50597
Val:
Target:
 0.36645 0.418551
0.375066 0.498036
0.370708 0.454847
Train:
Agent:
0.658478 0.670571
0.577691 0.614419
0.615445 0.641268
Val:
Agent:
0.581627 0.594896
0.489617 0.524079
0.531671 0.557247
Train:
DSE:
0.595591 0.622107
0.595211  0.66148
0.595401 0.641189
Val:
DSE:
0.546523 0.576821
 0.52315 0.576975
0.534581 0.576898
is from:
0,0,0
Train:1 0 0
0,0,0
Val:1 0 0
0,0,0
Test:1 0 0
is about:
0,0,0
Train:1 0 0
0,0,0
Val:1 0 0
0,0,0
Test:1 0 0
Epoch 170
Train:
Target:
0.401963 0.445622
0.450308 0.585081
0.424764 0.505917
Val:
Target:
 0.36645 0.418551
0.375066 0.498036
0.370708 0.454847
Train:
Agent:
0.658666 0.670763
0.577691 0.614419
0.615527 0.641356
Val:
Agent:
0.581627 0.594896
0.489617 0.524079
0.531671 0.557247
Train:
DSE:
0.595591 0.622107
0.595211  0.66148
0.595401 0.641189
Val:
DSE:
0.546523 0.576821
 0.52315 0.576975
0.534581 0.576898
is from:
0,0,0
Train:1 0 0
0,0,0
Val:1 0 0
0,0,0
Test:1 0 0
is about:
0,0,0
Train:1 0 0
0,0,0
Val:1 0 0
0,0,0
Test:1 0 0
Epoch 175
Train:
Target:
0.401963 0.445622
0.450308 0.585081
0.424764 0.505917
Val:
Target:
 0.36645 0.418551
0.375066 0.498036
0.370708 0.454847
Train:
Agent:
 0.65838 0.670477
0.577736 0.614419
0.615427 0.641225
Val:
Agent:
0.581627 0.594896
0.489617 0.524079
0.531671 0.557247
Train:
DSE:
0.595591 0.622107
0.595211  0.66148
0.595401 0.641189
Val:
DSE:
0.546523 0.576821
 0.52315 0.576975
0.534581 0.576898
is from:
0,0,0
Train:1 0 0
0,0,0
Val:1 0 0
0,0,0
Test:1 0 0
is about:
0,0,0
Train:1 0 0
0,0,0
Val:1 0 0
0,0,0
Test:1 0 0
Epoch 180
Train:
Target:
0.401963 0.445622
0.450308 0.585081
0.424764 0.505917
Val:
Target:
 0.36645 0.418551
0.375066 0.498036
0.370708 0.454847
Train:
Agent:
 0.65838 0.670477
0.577736 0.614419
0.615427 0.641225
Val:
Agent:
0.581627 0.594896
0.489617 0.524079
0.531671 0.557247
Train:
DSE:
0.595591 0.622107
0.595211  0.66148
0.595401 0.641189
Val:
DSE:
0.546523 0.576821
 0.52315 0.576975
0.534581 0.576898
is from:
0,0,0
Train:1 0 0
0,0,0
Val:1 0 0
0,0,0
Test:1 0 0
is about:
0,0,0
Train:1 0 0
0,0,0
Val:1 0 0
0,0,0
Test:1 0 0
Epoch 185
Train:
Target:
0.401963 0.445622
0.450308 0.585081
0.424764 0.505917
Val:
Target:
 0.36645 0.418551
0.375066 0.498036
0.370708 0.454847
Train:
Agent:
 0.65838 0.670477
0.577736 0.614419
0.615427 0.641225
Val:
Agent:
0.581627 0.594896
0.489617 0.524079
0.531671 0.557247
Train:
DSE:
0.595591 0.622107
0.595211  0.66148
0.595401 0.641189
Val:
DSE:
0.546523 0.576821
 0.52315 0.576975
0.534581 0.576898
is from:
0,0,0
Train:1 0 0
0,0,0
Val:1 0 0
0,0,0
Test:1 0 0
is about:
0,0,0
Train:1 0 0
0,0,0
Val:1 0 0
0,0,0
Test:1 0 0
Epoch 190
Train:
Target:
0.401963 0.445622
0.450308 0.585081
0.424764 0.505917
Val:
Target:
 0.36645 0.418551
0.375066 0.498036
0.370708 0.454847
Train:
Agent:
 0.65838 0.670477
0.577736 0.614419
0.615427 0.641225
Val:
Agent:
0.581627 0.594896
0.489617 0.524079
0.531671 0.557247
Train:
DSE:
0.595591 0.622107
0.595211  0.66148
0.595401 0.641189
Val:
DSE:
0.546523 0.576821
 0.52315 0.576975
0.534581 0.576898
is from:
0,0,0
Train:1 0 0
0,0,0
Val:1 0 0
0,0,0
Test:1 0 0
is about:
0,0,0
Train:1 0 0
0,0,0
Val:1 0 0
0,0,0
Test:1 0 0
Epoch 195
Train:
Target:
0.401963 0.445622
0.450308 0.585081
0.424764 0.505917
Val:
Target:
 0.36645 0.418551
0.375066 0.498036
0.370708 0.454847
Train:
Agent:
 0.65838 0.670477
0.577736 0.614419
0.615427 0.641225
Val:
Agent:
0.581627 0.594896
0.489617 0.524079
0.531671 0.557247
Train:
DSE:
0.595591 0.622107
0.595211  0.66148
0.595401 0.641189
Val:
DSE:
0.546523 0.576821
 0.52315 0.576975
0.534581 0.576898
is from:
0,0,0
Train:1 0 0
0,0,0
Val:1 0 0
0,0,0
Test:1 0 0
is about:
0,0,0
Train:1 0 0
0,0,0
Val:1 0 0
0,0,0
Test:1 0 0
Best: 
OCLASS_WEIGHT_TARGET: 0
Validation:
Target
0.363264  0.41607
0.391303 0.517675
0.376762 0.461345
Agent
0.561428 0.575693
0.531659 0.565864
0.546138 0.570736
DSE
0.521009 0.553625
0.555598 0.607764
0.537748 0.579433
Test:
Target
0.306211 0.346687
0.425972 0.534819
0.356297 0.420677
Agent
0.577974 0.595794
0.557776 0.585253
0.567696 0.590477
DSE
0.488211 0.509874
 0.58249 0.648276
  0.5312 0.570805
