9471 6281 892
Valid size: 2298
Epoch 5
Train:
Target:
 0.444444  0.445411
0.0539471   0.13571
0.0962155  0.208035
Val:
Target:
 0.387006  0.387006
0.0451446   0.10762
0.0808571  0.168408
Train:
Agent:
1 1
0 0
0 0
Val:
Agent:
1 1
0 0
0 0
Train:
DSE:
0.495651 0.499124
0.321866 0.360714
0.390287 0.418779
Val:
DSE:
0.487049 0.489362
 0.31471 0.352744
0.382357 0.409971
is from:
0,0,0,0,0,3137
Train:1 0 0
0,0,0,0,0,1176
Val:1 0 0
0,0,0,0,0,349
Test:1 0 0
is about:
1052,603,955,239,265,3064
Train: 0.250262 0.0780026  0.118935
329,197,305,72,74,1145
Val: 0.236066 0.0628821 0.0993103
150,96,136,30,32,338
Test: 0.220588 0.0887574  0.126582
